NASA SC(2)-0414 AIRFOIL
 1.0000000     0.0003000
 0.9954417     0.0013369
 0.9881776     0.0029306
 0.9803949     0.0045901
 0.9721475     0.0063598
 0.9634523     0.0081492
 0.9543230     0.0100119
 0.9448096     0.0118967
 0.9348872     0.0138179
 0.9245908     0.0157596
 0.9138545     0.0177217
 0.9027855     0.0197535
 0.8915547     0.0218227
 0.8801634     0.0238099
 0.8685810     0.0258224
 0.8569679     0.0278124
 0.8452123     0.0297250
 0.8333504     0.0316640
 0.8215340     0.0336032
 0.8097109     0.0354267
 0.7977842     0.0372565
 0.7858908     0.0390881
 0.7740951     0.0408394
 0.7622469     0.0425276
 0.7504781     0.0442200
 0.7387455     0.0457858
 0.7269982     0.0473522
 0.7153908     0.0489083
 0.7039868     0.0503647
 0.6926482     0.0517644
 0.6813179     0.0530702
 0.6699286     0.0543573
 0.6586626     0.0556239
 0.6474681     0.0567768
 0.6363125     0.0578983
 0.6251014     0.0589287
 0.6139553     0.0599812
 0.6029784     0.0609263
 0.5920998     0.0618345
 0.5812986     0.0626392
 0.5705168     0.0634288
 0.5597196     0.0641127
 0.5488696     0.0647900
 0.5379026     0.0653686
 0.5267844     0.0659339
 0.5154174     0.0664091
 0.5038819     0.0669182
 0.4922760     0.0673351
 0.4805075     0.0677180
 0.4687354     0.0680990
 0.4568955     0.0683618
 0.4449970     0.0686463
 0.4331434     0.0688466
 0.4212019     0.0689928
 0.4093098     0.0691437
 0.3974079     0.0691712
 0.3854793     0.0692160
 0.3736378     0.0691846
 0.3617500     0.0690898
 0.3499486     0.0690068
 0.3381979     0.0688026
 0.3264449     0.0686001
 0.3148498     0.0684096
 0.3034807     0.0681432
 0.2922033     0.0678377
 0.2809751     0.0674366
 0.2697404     0.0670159
 0.2586889     0.0665941
 0.2477994     0.0660760
 0.2370511     0.0655426
 0.2263785     0.0649271
 0.2157876     0.0642801
 0.2052186     0.0635663
 0.1946977     0.0628048
 0.1841747     0.0619874
 0.1737241     0.0611270
 0.1633694     0.0601416
 0.1531514     0.0591488
 0.1431752     0.0581148
 0.1334803     0.0570060
 0.1241595     0.0558542
 0.1152791     0.0546728
 0.1068891     0.0534913
 0.0990495     0.0523110
 0.0917489     0.0510949
 0.0849286     0.0498490
 0.0785579     0.0486327
 0.0726611     0.0474792
 0.0672257     0.0463391
 0.0621940     0.0451890
 0.0575184     0.0440339
 0.0531663     0.0428773
 0.0491078     0.0417205
 0.0453145     0.0405638
 0.0417623     0.0394075
 0.0384307     0.0382526
 0.0353037     0.0370961
 0.0323667     0.0359320
 0.0296052     0.0347559
 0.0270051     0.0335643
 0.0245542     0.0323560
 0.0222419     0.0311305
 0.0200591     0.0298879
 0.0179988     0.0286280
 0.0160596     0.0273480
 0.0142407     0.0260448
 0.0125397     0.0247158
 0.0109541     0.0233589
 0.0094808     0.0219723
 0.0081185     0.0205557
 0.0068682     0.0191103
 0.0057301     0.0176369
 0.0047043     0.0161353
 0.0037892     0.0146069
 0.0029816     0.0130572
 0.0022790     0.0114931
 0.0016795     0.0099222
 0.0011798     0.0083529
 0.0007747     0.0067910
 0.0004592     0.0052397
 0.0002283     0.0036996
 0.0000784     0.0021691
 0.0000070     0.0006455
 0.0000128    -0.0008759
 0.0000961    -0.0024003
 0.0002580    -0.0039321
 0.0005014    -0.0054739
 0.0008302    -0.0070268
 0.0012492    -0.0085900
 0.0017637    -0.0101601
 0.0023787    -0.0117305
 0.0030971    -0.0132930
 0.0039209    -0.0148400
 0.0048527    -0.0163648
 0.0058957    -0.0178624
 0.0070510    -0.0193319
 0.0083187    -0.0207732
 0.0096983    -0.0221858
 0.0111892    -0.0235683
 0.0127929    -0.0249213
 0.0145127    -0.0262468
 0.0163511    -0.0275470
 0.0183103    -0.0288246
 0.0203911    -0.0300827
 0.0225955    -0.0313238
 0.0249312    -0.0325479
 0.0274078    -0.0337548
 0.0300363    -0.0349453
 0.0328297    -0.0361208
 0.0358026    -0.0372854
 0.0389700    -0.0384443
 0.0423460    -0.0396038
 0.0459475    -0.0407645
 0.0497979    -0.0419232
 0.0539272    -0.0430793
 0.0583675    -0.0442445
 0.0631418    -0.0454349
 0.0682694    -0.0466444
 0.0737884    -0.0478506
 0.0797504    -0.0490602
 0.0861778    -0.0502919
 0.0930870    -0.0515202
 0.1005263    -0.0527452
 0.1084927    -0.0540029
 0.1169069    -0.0552735
 0.1257357    -0.0564640
 0.1350374    -0.0575806
 0.1447346    -0.0587226
 0.1547141    -0.0598568
 0.1649478    -0.0609073
 0.1753441    -0.0618575
 0.1858714    -0.0627781
 0.1964314    -0.0636481
 0.2070177    -0.0643832
 0.2175869    -0.0651017
 0.2281057    -0.0657235
 0.2386034    -0.0663297
 0.2490732    -0.0668348
 0.2595341    -0.0673319
 0.2699886    -0.0677248
 0.2804427    -0.0681125
 0.2909097    -0.0683968
 0.3013854    -0.0686736
 0.3118965    -0.0688516
 0.3224320    -0.0690148
 0.3330356    -0.0690879
 0.3436952    -0.0691325
 0.3544765    -0.0690999
 0.3653717    -0.0690198
 0.3764481    -0.0688651
 0.3875536    -0.0687352
 0.3985994    -0.0685004
 0.4096442    -0.0682479
 0.4206439    -0.0678843
 0.4316494    -0.0674123
 0.4426229    -0.0669211
 0.4536347    -0.0663336
 0.4646868    -0.0657144
 0.4758020    -0.0649529
 0.4869437    -0.0640725
 0.4980929    -0.0630547
 0.5092784    -0.0620158
 0.5204746    -0.0608649
 0.5317048    -0.0595838
 0.5429343    -0.0581756
 0.5541541    -0.0566454
 0.5653318    -0.0549831
 0.5765231    -0.0532713
 0.5876979    -0.0514874
 0.5988812    -0.0495711
 0.6100645    -0.0475282
 0.6212823    -0.0454685
 0.6325000    -0.0432735
 0.6438056    -0.0409767
 0.6551989    -0.0386138
 0.6668039    -0.0361269
 0.6785373    -0.0336345
 0.6903684    -0.0310017
 0.7024377    -0.0283080
 0.7146116    -0.0255893
 0.7267102    -0.0228870
 0.7385558    -0.0202439
 0.7500099    -0.0176842
 0.7611825    -0.0152998
 0.7721412    -0.0129770
 0.7829982    -0.0107723
 0.7937638    -0.0086155
 0.8045251    -0.0065383
 0.8152465    -0.0045058
 0.8259477    -0.0026044
 0.8365639    -0.0008316
 0.8470145     0.0008172
 0.8572743     0.0022396
 0.8674165     0.0035241
 0.8773453     0.0045998
 0.8871255     0.0055445
 0.8966254     0.0063066
 0.9059034     0.0068824
 0.9149399     0.0072169
 0.9238654     0.0073472
 0.9325898     0.0073011
 0.9411866     0.0070317
 0.9496510     0.0066337
 0.9578833     0.0061142
 0.9658647     0.0054242
 0.9736231     0.0045649
 0.9811507     0.0035608
 0.9884354     0.0024269
 0.9954631     0.0011823
 1.0000000     0.0003000
