  -16.0545     2.0462    -7.927    0.332660    0.000000    0.046314   -2.010419    0.013591     0.0000    0.0000    0.2155    0.0000
  -15.9449     2.0819    -6.620    0.552497    0.000000    0.064097   -2.959070   -0.012489     0.0000    0.0000    0.2690    0.2594
  -15.7263     2.1533    -5.431    0.745426    0.000000    0.070825   -3.654117   -0.013543     0.0000    0.0000    0.2643    3.3917
  -15.4003     2.2597    -4.468    0.891263    0.000000    0.069577   -4.099659   -0.025854     0.0000    0.0000    0.2752   17.0933
  -14.9690     2.4004    -3.720    0.991477    0.000000    0.064386   -4.223696   -0.039044     0.0000    0.0000    0.2856   56.0533
  -14.4356     2.5745    -3.149    1.053129    0.000000    0.057839   -4.084819   -0.049471     0.0000    0.0000    0.2932   143.0595
  -13.8035     2.7807    -2.735    1.085231    0.000000    0.051726   -3.775069   -0.056556     0.0000    0.0000    0.2982   309.4370
  -13.0771     3.0177    -2.461    1.096261    0.000000    0.046995   -3.377288   -0.060996     0.0000    0.0000    0.3017   594.9825
  -12.2614     3.2839    -2.303    1.092790    0.000000    0.043803   -2.950274   -0.063672     0.0000    0.0000    0.3043   1047.4951
  -11.3620     3.5774    -2.231    1.079357    0.000000    0.041884   -2.530352   -0.065254     0.0000    0.0000    0.3064   1721.8858
  -10.3849     3.8962    -2.222    1.058947    0.000000    0.040913   -2.137653   -0.066198     0.0000    0.0000    0.3084   2678.7861
   -9.3369     4.2382    -2.256    1.033347    0.000000    0.040503   -1.781602   -0.066761     0.0000    0.0000    0.3104   3982.6034
   -8.2251     4.6010    -2.317    1.003657    0.000000    0.040386   -1.465401   -0.067143     0.0000    0.0000    0.3127   5698.9716
   -7.0571     4.9822    -2.396    0.970475    0.000000    0.040337   -1.188815   -0.067501     0.0000    0.0000    0.3152   7891.6645
   -5.8409     5.3790    -2.477    0.933974    0.000000    0.040078   -0.949702   -0.068019     0.0000    0.0000    0.3185   10619.0532
   -4.5849     5.7889    -2.549    0.894132    0.000000    0.039405   -0.745376   -0.069050     0.0000    0.0000    0.3228   13930.2145
   -3.2975     6.2090    -2.592    0.850531    0.000000    0.037937   -0.573250   -0.071231     0.0000    0.0000    0.3293   17860.9362
   -1.9875     6.6364    -2.565    0.801937    0.000000    0.034978   -0.431779   -0.075974     0.0000    0.0000    0.3401   22429.7008
   -0.6640     7.0683    -2.341    0.738448    0.000000    0.027257   -0.322310   -0.087980     0.0000    0.0000    0.3629   27633.5160
    0.6640     7.0683    -2.341    0.738448    0.000000    0.027257   -0.322310   -0.087980     0.0000    0.0000    0.3629   27633.5160
    1.9875     6.6364    -2.565    0.801937    0.000000    0.034978   -0.431779   -0.075974     0.0000    0.0000    0.3401   22429.7008
    3.2975     6.2090    -2.592    0.850531    0.000000    0.037937   -0.573250   -0.071231     0.0000    0.0000    0.3293   17860.9362
    4.5849     5.7889    -2.549    0.894132    0.000000    0.039405   -0.745376   -0.069050     0.0000    0.0000    0.3228   13930.2145
    5.8409     5.3790    -2.477    0.933974    0.000000    0.040078   -0.949702   -0.068019     0.0000    0.0000    0.3185   10619.0532
    7.0571     4.9822    -2.396    0.970475    0.000000    0.040337   -1.188815   -0.067501     0.0000    0.0000    0.3152   7891.6645
    8.2251     4.6010    -2.317    1.003657    0.000000    0.040386   -1.465401   -0.067143     0.0000    0.0000    0.3127   5698.9716
    9.3369     4.2382    -2.256    1.033347    0.000000    0.040503   -1.781602   -0.066761     0.0000    0.0000    0.3104   3982.6034
   10.3849     3.8962    -2.222    1.058947    0.000000    0.040913   -2.137653   -0.066198     0.0000    0.0000    0.3084   2678.7861
   11.3620     3.5774    -2.231    1.079357    0.000000    0.041884   -2.530352   -0.065254     0.0000    0.0000    0.3064   1721.8858
   12.2614     3.2839    -2.303    1.092790    0.000000    0.043803   -2.950274   -0.063672     0.0000    0.0000    0.3043   1047.4951
   13.0771     3.0177    -2.461    1.096261    0.000000    0.046995   -3.377288   -0.060996     0.0000    0.0000    0.3017   594.9825
   13.8035     2.7807    -2.735    1.085231    0.000000    0.051726   -3.775069   -0.056556     0.0000    0.0000    0.2982   309.4370
   14.4356     2.5745    -3.149    1.053129    0.000000    0.057839   -4.084819   -0.049471     0.0000    0.0000    0.2932   143.0595
   14.9690     2.4004    -3.720    0.991477    0.000000    0.064386   -4.223696   -0.039044     0.0000    0.0000    0.2856   56.0533
   15.4003     2.2597    -4.468    0.891263    0.000000    0.069577   -4.099659   -0.025854     0.0000    0.0000    0.2752   17.0933
   15.7263     2.1533    -5.431    0.745426    0.000000    0.070825   -3.654117   -0.013543     0.0000    0.0000    0.2643    3.3917
   15.9449     2.0819    -6.620    0.552497    0.000000    0.064097   -2.959070   -0.012489     0.0000    0.0000    0.2690    0.2594
   16.0545     2.0462    -7.927    0.332660    0.000000    0.046314   -2.010419    0.013591     0.0000    0.0000    0.2155    0.0000
